   1.4085140589011425     
   1.3198280398720215     
   1.2365736236991092     
   1.1594459573814051     
   1.0884668473614663     
   1.0233515898189951     
  0.96368569336173460     
  0.90901285685625788     
  0.85887893311324415     
  0.81285322928738402     
  0.77053788064297446     
  0.73157090440036499     
  0.69562594373478714     
  0.66241034852141234     
  0.63166250190319606     
  0.60314889338805977     
  0.57666120917156005     
  0.55201357949487873     
  0.52904004819148809     
  0.50759228732085393     
  0.48753755639850366     
  0.46875689338177112     
  0.45114351866608365     
  0.43460143116479105     
  0.41904417546238287     
  0.40439376007725530     
  0.39057970846888140     
  0.37753822623797001     
  0.36521146980331209     
  0.35354690358940716     
  0.34249673437206385     
  0.33201741288327885     
  0.32206919406829843     
  0.31261574852383017     
  0.30362381863856619     
  0.29506291381966476     
  0.28690503993606964     
  0.27912445875574665     
  0.27169747371150782     
  0.26460223881175216     
  0.25781858792741286     
  0.25132788204468831     
  0.24511287238265583     
  0.23915757754161726     
  0.23344717307935861     
  0.22796789211217755     
  0.22270693571081512     
  0.21765239201158637     
  0.21279316309363860     
  0.20811889878664688     
  0.20361993667206138     
  0.19928724762729932     
  0.19511238633761258     
  0.19108744626605909     
  0.18720501862960479     
  0.18345815498037668     
  0.17984033303489033     
  0.17634542543359102     
  0.17296767114742351     
  0.16970164927811410     
  0.16654225502617875     
  0.16348467762395971     
  0.16052438005218800     
  0.15765708037712856     
  0.15487873456182163     
  0.15218552061992652     
  0.14957382399303465     
  0.14704022404509015     
  0.14458148157681067     
  0.14219452727301460     
  0.13987645100393928     
  0.13762449190883957     
  0.13543602919707476     
  0.13330857360786122     
  0.13123975947507538     
  0.12922733734861719     
  0.12726916712775058     
  0.12536321166652800     
  0.12350753081391171     
  0.12170027585548930     
  0.11993968432579495     
  0.11822407516310847     
  0.11655184418134151     
  0.11492145983499634     
  0.11333145925599443     
  0.11178044454226885     
  0.11026707928016337     
  0.10879008528361588     
  0.10734823953501837     
  0.10594037131328654     
  0.10456535949636471     
  0.10322213002593565     
  0.10190965352324230     
  0.10062694304579575     
   9.9373051975552296E-002
   9.8147072029649604E-002
   9.6948131385716896E-002
   9.5775392914033142E-002
   9.4628052510051353E-002
   9.3505337520180629E-002
   9.2406505255354002E-002
   9.1330841586593034E-002
   9.0277659617520850E-002
   8.9246298428793794E-002
   8.8236121890377398E-002
   8.7246517537043586E-002
   8.6276895503717019E-002
   8.5326687516599123E-002
   8.4395345937060842E-002
   8.3482342854902525E-002
   8.2587169228421603E-002
   8.1709334068009398E-002
   8.0848363661319131E-002
   8.0003800837202654E-002
   7.9175204266283813E-002
   7.8362147796309595E-002
   7.7564219819898139E-002
   7.6781022673244326E-002
   7.6012172063932112E-002
   7.5257296526134429E-002
   7.4516036901830299E-002
   7.3788045846645486E-002
   7.3072987358787034E-002
   7.2370536330067431E-002
   7.1680378117813831E-002
   7.1002208136225139E-002
   7.0335731466687659E-002
   6.9680662485584077E-002
   6.9036724509034780E-002
   6.8403649453417897E-002
   6.7781177511067117E-002
   6.7169056840308453E-002
   6.6567043268957737E-002
   6.5974900011014123E-002
   6.5392397395382509E-002
   6.4819312606397519E-002
   6.4255429435328582E-002
   6.3700538042621851E-002
   6.3154434729970232E-002
   6.2616921722143865E-002
   6.2087806957693212E-002
   6.1566903888584663E-002
   6.1054031287811457E-002
   6.0549013065078511E-002
   6.0051678089805278E-002
   5.9561860021515103E-002
   5.9079397146752283E-002
   5.8604132222751654E-002
   5.8135912327146891E-002
   5.7674588713715447E-002
   5.7220016673645319E-002
   5.6772055402387119E-002
   5.6330567871483259E-002
   5.5895420705471786E-002
   5.5466484063438556E-002
   5.5043631525030640E-002
   5.4626739980889120E-002
   5.4215689527247195E-002
   5.3810363364108160E-002
   5.3410647697757281E-002
   5.3016431646474488E-002
   5.2627607149869117E-002
   5.2244068881501585E-002
   5.1865714164675232E-002
   5.1492442891343693E-002
   5.1124157443772286E-002
   5.0760762619279969E-002
   5.0402165557271901E-002
   5.0048275669285429E-002
   4.9699004571129773E-002
   4.9354266017625339E-002
   4.9013975839574009E-002
   4.8678051882832682E-002
   4.8346413949541756E-002
   4.8018983741405591E-002
   4.7695684804906407E-002
   4.7376442478184073E-002
   4.7061183840095173E-002
   4.6749837660514458E-002
   4.6442334352716677E-002
   4.6138605927111866E-002
   4.5838585946429262E-002
   4.5542209482793208E-002
   4.5249413075580905E-002
   4.4960134691253088E-002
   4.4674313684038486E-002
   4.4391890758191041E-002
   4.4112807931350528E-002
   4.3837008498866285E-002
   4.3564436999715274E-002
   4.3295039183079420E-002
   4.3028761976122099E-002
   4.2765553452837189E-002
   4.2505362803788291E-002
   4.2248140306775366E-002
   4.1993837298522733E-002
   4.1742406147098843E-002
   4.1493800225236639E-002
   4.1247973884492764E-002
   4.1004882430148527E-002
   4.0764482096881008E-002
   4.0526730025191630E-002
   4.0291584238502334E-002
   4.0059003620923156E-002
   3.9828947895744378E-002
   3.9601377604470953E-002
   3.9376254086555970E-002
   3.9153539459740025E-002
   3.8933196600772171E-002
   3.8715189126973498E-002
   3.8499481378137065E-002
   3.8286038398944705E-002
   3.8074825922076526E-002
   3.7865810351528521E-002
   3.7658958746576196E-002
   3.7454238806253454E-002
   3.7251618854047472E-002
   3.7051067823188712E-002
   3.6852555242263288E-002
   3.6656051221435670E-002
   3.6461526438589124E-002
   3.6268952126441371E-002
   3.6078300059466190E-002
   3.5889542541666479E-002
   3.5702652394098623E-002
   3.5517602943379703E-002
   3.5334368010069901E-002
   3.5152921897406771E-002
   3.4973239380596474E-002
   3.4795295695978140E-002
   3.4619066530987987E-002
   3.4444528013817671E-002
   3.4271656703920669E-002
   3.4100429582245732E-002
   3.3930824042092737E-002
   3.3762817880042630E-002
   3.3596389287163193E-002
   3.3431516840448379E-002
   3.3268179494351423E-002
   3.3106356572831196E-002
   3.2946027761233815E-002
   3.2787173098700835E-002
   3.2629772970525495E-002
   3.2473808100840093E-002
   3.2319259545484660E-002
   3.2166108684934532E-002
   3.2014337217625081E-002
   3.1863927153097882E-002
   3.1714860805820887E-002
   3.1567120788496134E-002
   3.1420690006221642E-002
   3.1275551650280516E-002
   3.1131689192357346E-002
   3.0989086378778813E-002
   3.0847727224872688E-002
   3.0707596009667812E-002
   3.0568677270397165E-002
   3.0430955797386378E-002
   3.0294416628967275E-002
   3.0159045046508140E-002
   3.0024826569590993E-002
   2.9891746951308504E-002
   2.9759792173582409E-002
   2.9628948442738778E-002
   2.9499202185006370E-002
   2.9370540042391834E-002
   2.9242948868250809E-002
   2.9116415723375387E-002
   2.8990927871877788E-002
   2.8866472777316233E-002
   2.8743038098848307E-002
   2.8620611687509161E-002
   2.8499181582517793E-002
   2.8378736007766355E-002
   2.8259263368239831E-002
   2.8140752246683109E-002
   2.8023191400148549E-002
   2.7906569756965049E-002
   2.7790876413162212E-002
   2.7676100629758626E-002
   2.7562231829397592E-002
   2.7449259593511327E-002
   2.7337173659354549E-002
   2.7225963917227126E-002
   2.7115620407466359E-002
   2.7006133317984831E-002
   2.6897492981326130E-002
   2.6789689872266841E-002
   2.6682714605161879E-002
   2.6576557931348447E-002
   2.6471210736883636E-002
   2.6366664039921727E-002
   2.6262908988516805E-002
   2.6159936858298791E-002
   2.6057739050168404E-002
   2.5956307088040819E-002
   2.5855632616878104E-002
   2.5755707400341173E-002
   2.5656523318891955E-002
   2.5558072367659061E-002
   2.5460346654443258E-002
   2.5363338397878275E-002
   2.5267039925355013E-002
   2.5171443671371262E-002
   2.5076542175480356E-002
   2.4982328080627017E-002
   2.4888794131329661E-002
   2.4795933172025011E-002
   2.4703738145296302E-002
   2.4612202090277032E-002
   2.4521318141012584E-002
   2.4431079524862308E-002
   2.4341479560924164E-002
   2.4252511658564280E-002
   2.4164169315886368E-002
   2.4076446118252777E-002
   2.3989335736866658E-002
   2.3902831927293516E-002
   2.3816928528241181E-002
   2.3731619460028219E-002
   2.3646898723328761E-002
   2.3562760397823561E-002
   2.3479198641097897E-002
   2.3396207687060945E-002
   2.3313781845014377E-002
   2.3231915498322989E-002
   2.3150603103211147E-002
   2.3069839187610106E-002
   2.2989618350079587E-002
   2.2909935258601393E-002
   2.2830784649535855E-002
   2.2752161326524432E-002
   2.2674060159486694E-002
   2.2596476083446698E-002
   2.2519404097700868E-002
   2.2442839264603592E-002
   2.2366776708827918E-002
   2.2291211616195971E-002
   2.2216139232792767E-002
   2.2141554864163960E-002
   2.2067453874151825E-002
   2.1993831684312931E-002
   2.1920683772733932E-002
   2.1848005673396367E-002
   2.1775792975182028E-002
   2.1704041321170212E-002
   2.1632746407697159E-002
   2.1561903983615766E-002
   2.1491509849520134E-002
   2.1421559856947738E-002
   2.1352049907607286E-002
   2.1282975952688743E-002
   2.1214333991963701E-002
   2.1146120073427303E-002
   2.1078330292063043E-002
   2.1010960789677881E-002
   2.0944007753858802E-002
   2.0877467417366631E-002
   2.0811336057729248E-002
   2.0745609996138975E-002
   2.0680285597220283E-002
   2.0615359268271041E-002
   2.0550827458541497E-002
   2.0486686658721501E-002
   2.0422933400356579E-002
   2.0359564255269667E-002
   2.0296575834975347E-002
   2.0233964789982208E-002
   2.0171727809452880E-002
   2.0109861620581836E-002
   2.0048362987977054E-002
   1.9987228713155298E-002
   1.9926455634183861E-002
   1.9866040624897132E-002
   1.9805980594666990E-002
   1.9746272487710801E-002
   1.9686913282688612E-002
   1.9627899992161611E-002
   1.9569229662362901E-002
   1.9510899372255260E-002
   1.9452906233656586E-002
   1.9395247390359131E-002
   1.9337920017794264E-002
   1.9280921322776159E-002
   1.9224248542801026E-002
   1.9167898945863630E-002
   1.9111869829923418E-002
   1.9056158522455739E-002
   1.9000762380304438E-002
   1.8945678788894613E-002
   1.8890905162177066E-002
