  0.76113895003578613     
  0.63436818268304829     
  0.53753267940268612     
  0.46165681020234534     
  0.40098196775425782     
  0.35164455855477861     
  0.31095760620460267     
  0.27699706602176238     
  0.24835152445512992     
  0.22396434317538796     
  0.20303058492519177     
  0.18492770658686522     
  0.16916777678247422     
  0.15536381460303597     
  0.14320562572771345     
  0.13244216616094603     
  0.12286847884443794     
  0.11431588845886637     
  0.10664455313279467     
   9.9737744532083256E-002
   9.3497411223012042E-002
   8.7840705673092934E-002
   8.2697242425749981E-002
   7.8006916405199758E-002
   7.3718154146812237E-002
   6.9786502410040585E-002
   6.6173481749562821E-002
   6.2845649672861215E-002
   5.9773830710469142E-002
   5.6932480261999409E-002
   5.4299156306375676E-002
   5.1854078577732013E-002
   4.9579759048692357E-002
   4.7460690844286849E-002
   4.5483085267782442E-002
   4.3634648624680777E-002
   4.1904392112334307E-002
   4.0282469297063195E-002
   3.8760036700473330E-002
   3.7329133817276018E-002
   3.5982579532875966E-002
   3.4713882430075955E-002
   3.3517162898223159E-002
   3.2387085304605517E-002
   3.1318798770270342E-002
   3.0307885326723526E-002
   2.9350314421044944E-002
   2.8442402897298880E-002
   2.7580779714327590E-002
   2.6762354770270388E-002
   2.5984291297095778E-002
   2.5243981365707369E-002
   2.4539024107991355E-002
   2.3867206316596248E-002
   2.3226485131021081E-002
   2.2614972557518279E-002
   2.2030921604057993E-002
   2.1472713841339180E-002
   2.0938848223973176E-002
   2.0427931029110127E-002
   1.9938666785726891E-002
   1.9469850085555657E-002
   1.9020358178565618E-002
   1.8589144268728278E-002
   1.8175231435045736E-002
   1.7777707112550740E-002
   1.7395718074606482E-002
   1.7028465865833415E-002
   1.6675202639263711E-002
   1.6335227358051891E-002
   1.6007882325380869E-002
   1.5692550010462259E-002
   1.5388650142522872E-002
   1.5095637046919847E-002
   1.4812997200548815E-002
   1.4540246986542101E-002
   1.4276930629682811E-002
   1.4022618295734918E-002
   1.3776904341039758E-002
   1.3539405697639692E-002
   1.3309760383079282E-002
   1.3087626123639602E-002
   1.2872679081163595E-002
   1.2664612674729833E-002
   1.2463136489438895E-002
   1.2267975264622043E-002
   1.2078867955074627E-002
   1.1895566859834105E-002
   1.1717836811913337E-002
   1.1545454425427374E-002
   1.1378207394703245E-002
   1.1215893841474395E-002
   1.1058321706580061E-002
   1.0905308182643412E-002
   1.0756679184617972E-002
   1.0612268855307304E-002
   1.0471919103190114E-002
   1.0335479170476581E-002
   1.0202805228636223E-002
   1.0073759999932128E-002
   9.9482124027066455E-003
   9.8260372189790494E-003
   9.7071147825526852E-003
   9.5913306862554330E-003
   9.4785755073361101E-003
   9.3687445490014728E-003
   9.2617375977902226E-003
   9.1574586950811786E-003
   9.0558159224137895E-003
   8.9567211990148592E-003
   8.8600900911734882E-003
   8.7658416326221351E-003
   8.6738981550649550E-003
   8.5841851283758718E-003
   8.4966310096763458E-003
   8.4111671008596910E-003
   8.3277274139367963E-003
   8.2462485437811532E-003
   8.1666695478419035E-003
   8.0889318322868876E-003
   8.0129790441056600E-003
   7.9387569692882503E-003
   7.8662134360840876E-003
   7.7952982231715888E-003
   7.7259629732836232E-003
   7.6581611103752984E-003
   7.5918477618387766E-003
   7.5269796839368963E-003
   7.4635151918400599E-003
   7.4014140921489224E-003
   7.3406376198401381E-003
   7.2811483774691457E-003
   7.2229102778336067E-003
   7.1658884892420094E-003
   7.1100493834248728E-003
   7.0553604861412099E-003
   7.0017904298417741E-003
   6.9493089087500279E-003
   6.8978866361672862E-003
   6.8474953034359728E-003
   6.7981075411156552E-003
   6.7496968819085387E-003
   6.7022377250835069E-003
   6.6557053027575201E-003
   6.6100756475746918E-003
   6.5653255617828940E-003
   6.5214325879119671E-003
   6.4783749805499896E-003
   6.4361316793153300E-003
   6.3946822834037428E-003
   6.3540070265730164E-003
   6.3140867540661264E-003
   6.2749028995593027E-003
   6.2364374640819396E-003
   6.1986729949597263E-003
   6.1615925662800207E-003
   6.1251797598234148E-003
   6.0894186469413730E-003
   6.0542937711394393E-003
   6.0197901313362124E-003
   5.9858931659164472E-003
   5.9525887374072385E-003
   5.9198631176775535E-003
   5.8877029736849754E-003
   5.8560953542765156E-003
   5.8250276767104351E-003
   5.7944877144048149E-003
   5.7644635848780826E-003
   5.7349437381941613E-003
   5.7059169457007721E-003
   5.6773722896290135E-003
   5.6492991527162303E-003
   5.6216872081520427E-003
   5.5945264103737409E-003
   5.5678069857772886E-003
   5.5415194240520868E-003
   5.5156544694376225E-003
   5.4902031129884649E-003
   5.4651565843287873E-003
   5.4405063444793959E-003
   5.4162440781987510E-003
   5.3923616872982739E-003
   5.3688512837895734E-003
   5.3457051831536919E-003
   5.3229158984698160E-003
   5.3004761340285237E-003
   5.2783787796002683E-003
   5.2566169049389254E-003
   5.2351837541086176E-003
   5.2140727403081405E-003
   5.1932774410931816E-003
   5.1727915930784981E-003
   5.1526090874386499E-003
   5.1327239654475375E-003
   5.1131304138299109E-003
   5.0938227606555139E-003
   5.0747954713009132E-003
   5.0560431444172174E-003
   5.0375605080176591E-003
   5.0193424158835199E-003
   5.0013838439505569E-003
   4.9836798868810803E-003
   4.9662257546228454E-003
   4.9490167692621337E-003
   4.9320483618457900E-003
   4.9153160693574715E-003
   4.8988155317182779E-003
   4.8825424891737294E-003
   4.8664927791887327E-003
   4.8506623342118842E-003
   4.8350471786398532E-003
   4.8196434267398693E-003
   4.8044472798773573E-003
   4.7894550244723059E-003
   4.7746630296049974E-003
   4.7600677447586755E-003
   4.7456656976863042E-003
   4.7314534925292136E-003
   4.7174278077179495E-003
   4.7035853938135908E-003
   4.6899230720476746E-003
   4.6764377320934565E-003
   4.6631263306087210E-003
   4.6499858892609892E-003
   4.6370134932790354E-003
   4.6242062896926618E-003
   4.6115614858512188E-003
   4.5990763478459453E-003
   4.5867481990031203E-003
   4.5745744186204799E-003
   4.5625524403256927E-003
   4.5506797509304135E-003
   4.5389538889481851E-003
   4.5273724435381810E-003
   4.5159330530995306E-003
   4.5046334039682435E-003
   4.4934712295450485E-003
   4.4824443089867489E-003
   4.4715504660709825E-003
   4.4607875680880652E-003
   4.4501535249834587E-003
   4.4396462882741799E-003
   4.4292638498852456E-003
   4.4190042414516632E-003
   4.4088655331530682E-003
   4.3988458329682345E-003
   4.3889432857769535E-003
   4.3791560724939773E-003
   4.3694824089935162E-003
   4.3599205457356517E-003
   4.3504687666604354E-003
   4.3411253885477031E-003
   4.3318887601154201E-003
   4.3227572615129658E-003
   4.3137293034833284E-003
   4.3048033266172708E-003
   4.2959778008032599E-003
   4.2872512245090951E-003
   4.2786221241395365E-003
   4.2700890534986295E-003
   4.2616505929643257E-003
   4.2533053492448307E-003
   4.2450519543145351E-003
   4.2368890655062339E-003
   4.2288153642918306E-003
   4.2208295562813792E-003
   4.2129303703638795E-003
   4.2051165582683301E-003
   4.1973868943123238E-003
   4.1897401745879942E-003
   4.1821752166881490E-003
   4.1746908591546858E-003
   4.1672859610687113E-003
   4.1599594018071210E-003
   4.1527100801085088E-003
   4.1455369143622040E-003
   4.1384388415569373E-003
   4.1314148171669148E-003
   4.1244638149835712E-003
   4.1175848262462872E-003
   4.1107768597704814E-003
   4.1040389412581729E-003
   4.0973701130517272E-003
   4.0907694338340505E-003
   4.0842359782211155E-003
   4.0777688365840632E-003
   4.0713671144933343E-003
   4.0650299326481336E-003
   4.0587564264690564E-003
   4.0525457457007480E-003
   4.0463970543472795E-003
   4.0403095301803273E-003
   4.0342823646666998E-003
   4.0283147625120421E-003
   4.0224059414944108E-003
   4.0165551321373867E-003
   4.0107615776088668E-003
   4.0050245332995688E-003
   3.9993432667382884E-003
   3.9937170572449587E-003
   3.9881451956595305E-003
   3.9826269843575221E-003
   3.9771617368072019E-003
   3.9717487773434255E-003
   3.9663874411211084E-003
   3.9610770738582150E-003
   3.9558170315643045E-003
   3.9506066803534122E-003
   3.9454453962684821E-003
   3.9403325652946934E-003
   3.9352675827110063E-003
   3.9302498535323804E-003
   3.9252787916555978E-003
   3.9203538202388939E-003
   3.9154743712827272E-003
   3.9106398855683231E-003
   3.9058498122892527E-003
   3.9011036091665089E-003
   3.8964007421395351E-003
   3.8917406852316868E-003
   3.8871229204444570E-003
   3.8825469375976854E-003
   3.8780122342327869E-003
   3.8735183152463098E-003
   3.8690646930649043E-003
   3.8646508874106093E-003
   3.8602764250569147E-003
   3.8559408398364551E-003
   3.8516436724439765E-003
   3.8473844702402067E-003
   3.8431627875148418E-003
   3.8389781848014982E-003
   3.8348302290667955E-003
   3.8307184937638782E-003
   3.8266425584185661E-003
   3.8226020085877924E-003
   3.8185964359996262E-003
   3.8146254379368204E-003
   3.8106886177432828E-003
   3.8067855843905308E-003
   3.8029159522431988E-003
   3.7990793414368761E-003
   3.7952753771618602E-003
   3.7915036902283279E-003
   3.7877639164495850E-003
   3.7840556968658941E-003
   3.7803786774315449E-003
   3.7767325091664960E-003
   3.7731168478808254E-003
   3.7695313542942289E-003
   3.7659756936525685E-003
   3.7624495359361372E-003
   3.7589525556514509E-003
   3.7554844318067413E-003
   3.7520448478425687E-003
   3.7486334913752525E-003
   3.7452500544654728E-003
   3.7418942332746266E-003
   3.7385657280536444E-003
   3.7352642432221211E-003
   3.7319894869978889E-003
   3.7287411717706206E-003
   3.7255190135993968E-003
   3.7223227324537575E-003
   3.7191520518980560E-003
   3.7160066993474259E-003
   3.7128864057739894E-003
   3.7097909056503409E-003
   3.7067199370238841E-003
   3.7036732413882533E-003
   3.7006505636323827E-003
   3.6976516519463742E-003
   3.6946762578275176E-003
   3.6917241360469371E-003
   3.6887950445424820E-003
   3.6858887443265761E-003
   3.6830049996827261E-003
   3.6801435777207119E-003
   3.6773042487607652E-003
   3.6744867858112774E-003
   3.6716909650251943E-003
   3.6689165652589459E-003
   3.6661633682903900E-003
   3.6634311586437596E-003
   3.6607197235349860E-003
   3.6580288527884473E-003
   3.6553583391270130E-003
   3.6527079777119238E-003
   3.6500775661849607E-003
   3.6474669049427434E-003
   3.6448757966886605E-003
