   7.1284626516445105E-005
   7.8402583584320204E-005
   8.5746546779373638E-005
   9.3285203357564903E-005
   1.0098410059289290E-004
   1.0880578681162251E-004
   1.1670996132281565E-004
   1.2465356830957300E-004
   1.3259072539079637E-004
   1.4047230049208403E-004
   1.4824480349420277E-004
   1.5584795046307183E-004
   1.6320954658829997E-004
   1.7023451167966545E-004
   1.7677956464654958E-004
   1.8258671665991624E-004
   1.8706696209475426E-004
   1.8826956182367395E-004
   1.8113384702792560E-004
   1.7307879665164720E-004
   1.8663640736397670E-004
   1.5808268488636212E-004
   1.5126880517491630E-004
   2.0109770675799123E-004
   1.5998394999630451E-004
   1.8498674726209437E-004
   1.6027052193544260E-004
   2.0618476087397596E-004
   1.8472058165372630E-004
   1.9060814738984801E-004
   1.8918800144679301E-004
   1.8522674320868077E-004
   1.0399619129624653E-004
   1.0087502852918441E-004
   1.9908822066643818E-004
   2.0535092320118258E-004
   2.0749932367191348E-004
   9.9836446273211430E-005
   1.1074225834040410E-004
   9.5191383282834240E-005
   9.0589496357306842E-005
   8.7425185208259967E-005
   8.3614850406322973E-005
   8.1281930903683860E-005
   8.0082618566626695E-005
   7.8648619617214480E-005
   7.7235880340979356E-005
   7.6009778759660691E-005
   7.4744245974518194E-005
   7.3683272079105345E-005
   7.2567769412470421E-005
   7.2151762978057640E-005
   7.0486203789084541E-005
   6.9463944120382699E-005
   6.8506172565196234E-005
   6.7539430674919560E-005
   6.6625157164190062E-005
   6.5702142117505212E-005
   6.4790114401165117E-005
   6.3910719634730607E-005
   6.3040553383627597E-005
   6.2191312711490967E-005
   6.1341518828301957E-005
   6.0098545931609753E-005
   5.9731812684425819E-005
   5.8908479725340194E-005
   5.8108980642282432E-005
   5.7320602894306337E-005
   5.6539097242646371E-005
   5.5573395726344385E-005
   5.5028087654445675E-005
   5.4222620351115756E-005
   5.3565153437518651E-005
   5.2841671390043365E-005
   5.2137475867848821E-005
   5.1442642835207957E-005
   5.0744400733560106E-005
   5.0077312791879490E-005
   4.9414533888251979E-005
   4.8758561876036566E-005
   4.8005234658932150E-005
   4.7471071114971842E-005
   4.6849720369204946E-005
   4.6233879868511155E-005
   4.5626106068949793E-005
   4.5012626811323693E-005
   4.4437339064120457E-005
   4.3862821282124320E-005
   4.3289844141376711E-005
   4.2732558224081946E-005
   4.2180319372018096E-005
   4.1615847142463384E-005
   4.1101115008126054E-005
   4.0576739025899951E-005
   4.0042663963896729E-005
   3.9550440434459261E-005
   3.9050909875570287E-005
   3.8553916148581187E-005
   3.8073214340910377E-005
   3.7594681302628957E-005
   3.7120628988236573E-005
   3.6664610264540236E-005
   3.6209431864733961E-005
   3.5763149117441285E-005
   3.5310984258433856E-005
   3.4889997344621302E-005
   3.4464184814874397E-005
   3.4036240473943964E-005
   3.3632893449732349E-005
   3.3223942786193275E-005
   3.2827790492633078E-005
   3.2434751941823770E-005
   3.2047546287176302E-005
   3.1662345411927423E-005
   3.1292353705098344E-005
   3.0924425780971614E-005
   3.0559182549355071E-005
   3.0204634421578623E-005
   2.9852301482079235E-005
   2.9504122930933249E-005
   2.9165417250193431E-005
   2.8831811266735155E-005
   2.8443390918076676E-005
   2.8174376837058091E-005
   2.7855900790407567E-005
   2.7541817463963992E-005
   2.7232643085237215E-005
   2.6802246265475113E-005
   2.6626475838841283E-005
   2.6331068536502255E-005
   2.6039759361507809E-005
   2.5750540904879592E-005
   2.5470505355279472E-005
   2.5188967177990518E-005
   2.4895361440354193E-005
   2.4648719354329357E-005
   2.4382262488489099E-005
   2.4120751034614090E-005
   2.3862429799129808E-005
   2.3608751396749829E-005
   2.3352522389335378E-005
   2.3112121977906445E-005
   2.2868490386745587E-005
   2.2629440889651695E-005
   2.2393217460975660E-005
   2.2156694885190793E-005
   2.1932169171653797E-005
   2.1706538834750174E-005
   2.1474593604192335E-005
   2.1264636004025329E-005
   2.1047724420375849E-005
   2.0835631085100383E-005
   2.0625466062814779E-005
   2.0418388421143522E-005
   2.0213878502843053E-005
   2.0012647166819237E-005
   1.9813641524238932E-005
   1.9618656706322948E-005
   1.9426501168707622E-005
   1.9235466136826446E-005
   1.9048892561574643E-005
   1.8863251919742430E-005
   1.8681276087300529E-005
   1.8497855748364500E-005
   1.8324331183160766E-005
   1.8146943083412388E-005
   1.7976255365287895E-005
   1.7806385594010862E-005
   1.7566414597520866E-005
   1.7472762172206625E-005
   1.7309148586048867E-005
   1.7147332041426056E-005
   1.6987633531749568E-005
   1.6813094384345246E-005
   1.6676828869514014E-005
   1.6523180965004000E-005
   1.6369440211303572E-005
   1.6223290327410384E-005
   1.6077071763801636E-005
   1.5931121586486709E-005
   1.5786536681070083E-005
   1.5647029456349829E-005
   1.5507788462044460E-005
   1.5357821739737205E-005
   1.5233774978198390E-005
   1.5099408124276262E-005
   1.4967072102359843E-005
   1.4836384947256314E-005
   1.4661168529499561E-005
   1.4579378599686727E-005
   1.4453130497931517E-005
   1.4327690845020581E-005
   1.4206129364893098E-005
   1.4082429739104224E-005
   1.3964573964678022E-005
   1.3846234622258175E-005
   1.3729426899775651E-005
   1.3613780355341103E-005
   1.3499761845304386E-005
   1.3386651582398656E-005
   1.3275473644074358E-005
   1.3165324699874179E-005
   1.3055946572266034E-005
   1.2949178920548137E-005
   1.2843281524717288E-005
   1.2738388234943311E-005
   1.2634682784785553E-005
   1.2531786266923618E-005
   1.2420435024056728E-005
   1.2330965710072577E-005
   1.2231356411573186E-005
   1.2134372996656635E-005
   1.2037901757378248E-005
   1.1942450320126270E-005
   1.1847636606068584E-005
   1.1750043901728594E-005
   1.1662583403671955E-005
   1.1571337842494961E-005
   1.1481226841804598E-005
   1.1392002005389062E-005
   1.1303587511090393E-005
   1.1216668511115479E-005
   1.1130786973433289E-005
   1.1045648284947697E-005
   1.0961134821478558E-005
   1.0878137644016112E-005
   1.0794902198828129E-005
   1.0714344140593294E-005
   1.0632527409243830E-005
   1.0554021145620486E-005
   1.0475218841621823E-005
   1.0396393739007463E-005
   1.0320106827098839E-005
   1.0243985559501634E-005
   1.0168526532295915E-005
   1.0093605310592258E-005
   1.0018384125297635E-005
   9.9468756200087266E-006
   9.8746839917830198E-006
   9.8031823924286487E-006
   9.7324251653399811E-006
   9.6606987671280214E-006
   9.5930858677430522E-006
   9.5246991238444410E-006
   9.4568975566626458E-006
   9.3896911451322291E-006
   9.3223564878226360E-006
   9.2574956413855555E-006
   9.1925641059204932E-006
   9.1275857263657884E-006
   9.0644993964116276E-006
   9.0005925685049002E-006
   8.9389794386575123E-006
   8.8769293425992966E-006
   8.8159707336315151E-006
   8.7553914116081963E-006
   8.6951520498425761E-006
   8.6360972005925895E-006
   8.5773774073802595E-006
   8.5192687374170488E-006
   8.4615014388827385E-006
   8.4046085505398173E-006
   8.3468269505803912E-006
   8.2923051374614895E-006
   8.2369274692523390E-006
   8.1820549070542965E-006
   8.1279729719412139E-006
   8.0739786481571845E-006
   8.0209812359409915E-006
   7.9659893180988742E-006
   7.9160670538472398E-006
   7.8643773534115978E-006
   7.8132458113151109E-006
   7.7625102205684565E-006
   7.7122385121293144E-006
   7.6625532128600927E-006
   7.6133046710947865E-006
   7.5639979223117155E-006
   7.5160607762257952E-006
   7.4682414381930639E-006
   7.4208000777754141E-006
   7.3737118968517697E-006
   7.3257560102953025E-006
   7.2808161106925054E-006
   7.2353717367365749E-006
   7.1901129611811709E-006
   7.1452723327513072E-006
   7.1006884185236398E-006
   7.0566998356116298E-006
   7.0093240503246463E-006
   6.9697009404604666E-006
   6.9270090737166010E-006
   6.8845727165337814E-006
   6.8424945504233590E-006
   6.8007489482086836E-006
   6.7592545654772125E-006
   6.7184083603781856E-006
   6.6778200328113666E-006
   6.6375974963590141E-006
   6.5978021381352158E-006
   6.5580949171012925E-006
   6.5191146058553740E-006
   6.4799573510168650E-006
   6.4417766811926012E-006
   6.4035991939345271E-006
   6.3657081068460380E-006
   6.3283117962911490E-006
   6.2911826672232100E-006
   6.2543473924893118E-006
   6.2130405098446409E-006
   6.1815107587705241E-006
   6.1455804783669150E-006
   6.1101194415061994E-006
   6.0748109644330407E-006
   6.0395432495470190E-006
   6.0050597736627524E-006
   5.9707755795367361E-006
   5.9366891468509188E-006
   5.9027954485967602E-006
   5.8693426392185193E-006
   5.8360965241337410E-006
   5.8031113242757240E-006
   5.7704148558397248E-006
   5.7379572836072177E-006
   5.7055147983205092E-006
   5.6739612365653181E-006
   5.6421903796121785E-006
   5.6109008994677332E-006
   5.5798015942539955E-006
   5.5437284591522092E-006
   5.5183986411688865E-006
   5.4880025260405736E-006
   5.4579309970198184E-006
   5.4280710493457987E-006
   5.3978395320043835E-006
   5.3690500014360655E-006
   5.3399600179667448E-006
   5.3110291622346156E-006
   5.2822986506044175E-006
   5.2539210981638186E-006
   5.2256467409864268E-006
   5.1976797618945845E-006
   5.1698945090093620E-006
   5.1423306723599629E-006
   5.1143751856219015E-006
   5.0878863031510700E-006
   5.0608959605178360E-006
   5.0342585185343854E-006
   5.0077899288242440E-006
   4.9760726355814293E-006
   4.9554262292456465E-006
   4.9295205424080939E-006
   4.9038252129114082E-006
   4.8783774100302464E-006
   4.8522008572844319E-006
   4.8279825023012503E-006
   4.8030938355664884E-006
   4.7783180884310703E-006
   4.7538034243119697E-006
   4.7295324969289583E-006
   4.7053442105081085E-006
   4.6814030639718792E-006
   4.6576234144886852E-006
   4.6340019238391228E-006
   4.6096810052619844E-006
   4.5872557720535632E-006
   4.5642364957525390E-006
   4.5413224433952224E-006
   4.5185894863997568E-006
   4.4906736000400104E-006
   4.4736056511967930E-006
   4.4513683253037846E-006
   4.4292558974692517E-006
   4.4073294722142683E-006
   4.3845734063563228E-006
   4.3640347971717368E-006
   4.3425812833850939E-006
   4.3211988093521747E-006
   4.3001405668560569E-006
   4.2792263550702576E-006
   4.2584055579638789E-006
   4.2376629218154578E-006
   4.2172036155078540E-006
   4.1968348194291192E-006
   4.1755398610003928E-006
   4.1563966038570747E-006
   4.1365781609451879E-006
   4.1167824212929834E-006
   4.0971053010650663E-006
   4.0724957774822572E-006
   4.0581966878865529E-006
   4.0389782204549880E-006
   4.0198229092962777E-006
   4.0007660555739987E-006
   3.9808992297522914E-006
   3.9633395515983210E-006
   3.9447218173344479E-006
   3.9261411788342102E-006
   3.9079329073316688E-006
   3.8897879725953519E-006
   3.8716941354518261E-006
   3.8536212656675511E-006
   3.8359138398648298E-006
   3.8182465988477834E-006
   3.7995039577325010E-006
   3.7830320775284463E-006
   3.7658314671626197E-006
   3.7486448523104169E-006
   3.7314964446953387E-006
   3.7097575457475007E-006
   3.6976289480087883E-006
   3.6809133515472176E-006
   3.6642175350662517E-006
   3.6475426291716451E-006
   3.6301584610748459E-006
   3.6149862148813897E-006
   3.5987391816746928E-006
   3.5825200922287451E-006
   3.5666546575242484E-006
   3.5508005055779539E-006
   3.5349757974069852E-006
   3.5191889431620649E-006
   3.5037319458368636E-006
   3.4882956196350583E-006
   3.4719722037982142E-006
   3.4575327293218149E-006
   3.4424483543026171E-006
   3.4274140821199039E-006
   3.4124142636868856E-006
   3.3938253860987420E-006
   3.3827632605504818E-006
   3.3681004847412000E-006
   3.3534992402425639E-006
   3.3389092474742153E-006
   3.3238371986073776E-006
   3.3103018308774782E-006
   3.2960701469775451E-006
   3.2818823725096376E-006
   3.2679124284986901E-006
   3.2539684052617333E-006
   3.2400734122771824E-006
   3.2262416961671486E-006
   3.2126296543941038E-006
   3.1990482773341239E-006
   3.1848685992939330E-006
   3.1720469519710818E-006
   3.1587345139781359E-006
   3.1454979760700726E-006
   3.1323084384520081E-006
   3.1163613177984367E-006
   3.1062004743361406E-006
   3.0932716166812602E-006
   3.0804179903769885E-006
   3.0675834204184653E-006
   3.0544135673431878E-006
   3.0423261980612134E-006
   3.0297844786351426E-006
   3.0172935793211335E-006
   3.0049352235876192E-006
   2.9926228883534194E-006
   2.9803577693021687E-006
   2.9681656931619389E-006
   2.9561230804231084E-006
   2.9441146971402989E-006
   2.9317005480371315E-006
   2.9202767190700816E-006
   2.9084834477403161E-006
   2.8967708915790947E-006
   2.8851104744198109E-006
   2.8713026347580673E-006
   2.8620049400737550E-006
   2.8505524306103591E-006
   2.8391719858295809E-006
   2.8278246106558055E-006
   2.8162379942855151E-006
   2.8054241426336509E-006
   2.7943120817156952E-006
   2.7832525392624142E-006
   2.7722717812770151E-006
   2.7613559644778336E-006
   2.7504766456720817E-006
