   3.1462224928233222E-003
   2.8199278419685451E-003
   2.5236367227099484E-003
   2.2524473462167930E-003
   2.0025878828134848E-003
   1.7711619640254773E-003
   1.5559557738487628E-003
   1.3552890492960063E-003
   1.1678981906120907E-003
   9.9284375708711303E-004
   8.2943760638113458E-004
   6.7718739948324346E-004
   5.3575885743325439E-004
   4.0496052317204063E-004
   2.8476646344688324E-004
   1.7542866379014968E-004
   7.7918333639746671E-005
   2.2557358711144922E-005
   1.4595093417939835E-005
   1.2917803710209539E-005
   6.8002868507396566E-005
   1.5180357859902716E-003
   8.4327755613829039E-004
   4.4980069235573634E-005
   8.4704858333611030E-004
   5.2057835640310251E-004
   5.5161735810573302E-006
   2.1007152375600338E-005
   4.0710503902420433E-004
   7.0297276877813019E-004
   1.2796630668214024E-005
   9.2444324873832627E-006
   2.7190922478997001E-006
   2.4248111130476406E-006
   1.1224720050199085E-005
   1.2633318586922315E-005
   1.2873581535406361E-005
   1.5500982622593764E-006
   1.3925145963427339E-006
   1.2521050579722205E-006
   1.1269230598743337E-006
   1.0149334580495729E-006
   9.1412288726218632E-007
   8.2416793828269305E-007
   7.4887421002133251E-007
   6.7828014968928727E-007
   6.1401998329398198E-007
   5.5864736503985694E-007
   5.0846090847951673E-007
   4.6329800608315751E-007
   4.2242743414908348E-007
   3.8581861156362720E-007
   3.5234473904080388E-007
   3.2277112149919915E-007
   2.9567004831595109E-007
   2.7088886499784681E-007
   2.4928553531440426E-007
   2.2916775639443253E-007
   2.1101123202528081E-007
   1.9432830030335696E-007
   1.7919219479026413E-007
   1.6572828059337289E-007
   1.5314347805173913E-007
   1.4158967484605555E-007
   1.3134254466243744E-007
   1.2178546235621233E-007
   1.1294169717434920E-007
   1.0498398608867248E-007
   9.7513328868669113E-008
   9.3016789144300977E-008
   9.0922971600925672E-008
   8.7464858736628777E-008
   8.5661203875566798E-008
   8.3016491799722440E-008
   8.0595050373171546E-008
   7.8218622792620767E-008
   7.5627348027145988E-008
   7.3544897152929189E-008
   7.1289069667792844E-008
   6.9127609474587895E-008
   6.7008546557265341E-008
   6.4928393993570475E-008
   6.2816995518347299E-008
   6.1034011658952407E-008
   5.9192433552806922E-008
   5.7321058539820251E-008
   5.5576097337466346E-008
   5.3976123738991912E-008
   5.2294787252465106E-008
   5.0770965311463362E-008
   4.9208248732486722E-008
   4.7714002531125399E-008
   4.6320625934997793E-008
   4.4972729157725222E-008
   4.3657802263288468E-008
   4.2315998039140770E-008
   4.0914819813282467E-008
   3.9896272576756019E-008
   3.8748181617316254E-008
   3.7636415520258572E-008
   3.6512511593122702E-008
   3.5433343992900541E-008
   3.4436823836407236E-008
   3.3504965403619551E-008
   3.2520820515914890E-008
   3.1620828014360174E-008
   3.0738294541833187E-008
   2.9809090235828221E-008
   2.9068481309597931E-008
   2.8210031672728462E-008
   2.7341223550657675E-008
   2.6712028415086064E-008
   2.5982172985669757E-008
   2.5312113014741545E-008
   2.4595240119128659E-008
   2.3958314803433921E-008
   2.3333018239720039E-008
   2.2243170780221613E-008
   2.2110681601281862E-008
   2.1522844864278528E-008
   2.0970908246676555E-008
   2.0409831957185801E-008
   1.9908045249656899E-008
   1.9368207853314280E-008
   1.8904744001789139E-008
   1.8394806467272195E-008
   1.7957161294413838E-008
   1.7244464096687919E-008
   1.7063589476806881E-008
   1.6631400891289102E-008
   1.6215325125085118E-008
   1.5837804225018792E-008
   1.5445429150678941E-008
   1.5060852065152872E-008
   1.4657510870233465E-008
   1.4351555998291798E-008
   1.4014116282033337E-008
   1.3598130764655561E-008
   1.3328661274978276E-008
   1.3044233456108997E-008
   1.2739414370832651E-008
   1.2422112646339329E-008
   1.2143396525077986E-008
   1.1870747851687945E-008
   1.1592190882831805E-008
   1.1334429793554313E-008
   1.1080094052111784E-008
   1.0802964955165302E-008
   1.0502012206274798E-008
   1.0346593551234284E-008
   1.0105021400008365E-008
   9.8850111895427322E-009
   9.6617838233381049E-009
   9.4652578762718280E-009
   9.2597897300176688E-009
   9.0478582708599644E-009
   8.8633065877711072E-009
   8.6625106852489914E-009
   8.3395571916774298E-009
   8.2942211612086760E-009
   8.1296160966683141E-009
   7.9589471321388520E-009
   7.7869366605241223E-009
   7.6059814187461224E-009
   7.4643477717832628E-009
   7.3196212136901505E-009
   7.1645100335949357E-009
   7.0179959953003989E-009
   6.8284557072539518E-009
   6.7113090310714140E-009
   6.5931042247123798E-009
   6.4552016343000685E-009
   6.3405228640596629E-009
   6.1901151972526634E-009
   6.0871463288931463E-009
   5.9617225150784933E-009
   5.8531870626430988E-009
   5.7414980863890804E-009
   5.6233923343702158E-009
   5.4996821539885789E-009
   5.3955362829944374E-009
   5.3030979674813358E-009
   5.1924331090262099E-009
   5.1072116991615006E-009
   4.9964901458875860E-009
   4.9088163155879081E-009
   4.8082817358253689E-009
   4.7278678492603345E-009
   4.6471836475699005E-009
   4.5617725539059246E-009
   4.4721690725295978E-009
   4.3822286659904799E-009
   4.3068126135286679E-009
   4.2248824481822271E-009
   4.1561156653020760E-009
   4.0737072846963596E-009
   3.9986461889262995E-009
   3.9118034848406157E-009
   3.8528599627091328E-009
   3.7959487655187180E-009
   3.7322199921548344E-009
   3.6668985871315311E-009
   3.5987089627234907E-009
   3.5279815469171178E-009
   3.4686530504727359E-009
   3.4138793647703889E-009
   3.3511003773751017E-009
   3.2833811702241841E-009
   3.2042960194188078E-009
   3.1745317143336619E-009
   3.1304127320420981E-009
   3.0766062042358118E-009
   3.0286930859387104E-009
   2.9785122691919342E-009
   2.9262941191744555E-009
   2.8722594579448299E-009
   2.8280566227965604E-009
   2.7758806017753640E-009
   2.7048858341849693E-009
   2.6667576152190865E-009
   2.6410532519257409E-009
   2.6023252452910537E-009
   2.5579195344762142E-009
   2.5180276400518060E-009
   2.4808706925229533E-009
   2.4420644880132516E-009
   2.4017664603861457E-009
   2.3608052082449405E-009
   2.3172942490626411E-009
   2.2734043738181320E-009
   2.2398635681160405E-009
   2.2107423780510897E-009
   2.1791468558726983E-009
   2.1440997613601548E-009
   2.1059834320127935E-009
   2.0783147065612693E-009
   2.0493024379368433E-009
   2.0190605029125170E-009
   1.9876988985861193E-009
   1.9553236771418289E-009
   1.9220369019975841E-009
   1.8879366243050014E-009
   1.8614391773207593E-009
   1.8369217426853933E-009
   1.8091260982473452E-009
   1.7783991018978742E-009
   1.7503196373630883E-009
   1.7285103574324432E-009
   1.7056843212628621E-009
   1.6819224499030154E-009
   1.6573031010528704E-009
   1.6319020213147498E-009
   1.6057923120409634E-009
   1.5790444087475191E-009
   1.5578152615401469E-009
   1.5356408867600753E-009
   1.5101602425812526E-009
   1.4832581054945095E-009
   1.4648485965342538E-009
   1.4475281918886794E-009
   1.4294247746045449E-009
   1.4105968505926053E-009
   1.3911012030747840E-009
   1.3709928577948353E-009
   1.3503250559370069E-009
   1.3291492368838374E-009
   1.3105949761694601E-009
   1.2887765958184737E-009
   1.2632257159590440E-009
   1.2468878413159231E-009
   1.2356195180493934E-009
   1.2215009170839968E-009
   1.2053398559438153E-009
   1.1902947578859395E-009
   1.1747223862737912E-009
   1.1586633219103841E-009
   1.1421569231302893E-009
   1.1252413110273806E-009
   1.1079533589550142E-009
   1.0903286869288348E-009
   1.0724016601732671E-009
   1.0611328541589439E-009
   1.0496535265284762E-009
   1.0351988505977508E-009
   1.0220902154148281E-009
   1.0099662705105757E-009
   9.9742098832824081E-010
   9.8448470527829051E-010
   9.7118690775330045E-010
   9.5755622128932132E-010
   9.4362040024562944E-010
   9.2940632209572468E-010
   9.1530075629653622E-010
   9.0589516705709004E-010
   8.9407952387344342E-010
   8.8059545552275804E-010
   8.7110727480774241E-010
   8.6125540311231892E-010
   8.5106338352074489E-010
   8.4055417392931938E-010
   8.2975013385977437E-010
   8.1867301555187621E-010
   8.0734395530674893E-010
   7.9578346817767175E-010
   7.8491203534114128E-010
   7.7517485631473548E-010
   7.6357610916821675E-010
   7.5362228112998367E-010
   7.4584530623461663E-010
   7.3777327527931556E-010
   7.2942417365685084E-010
   7.2081557055171945E-010
   7.1196460918571364E-010
   7.0288799923528189E-010
   6.9360200950638806E-010
   6.8412246333342838E-010
   6.7446473495054232E-010
   6.6480751353720398E-010
   6.5467397015602185E-010
   6.4768005466898622E-010
   6.4125337800378219E-010
   6.3458533295089907E-010
   6.2768980262428785E-010
   6.2058037129451133E-010
   6.1327031644018695E-010
   6.0577260207336715E-010
   5.9809987385385337E-010
   5.9026445432548268E-010
   5.8227833966013323E-010
   5.7415319743849783E-010
   5.6590036483743352E-010
   5.5941917223727741E-010
   5.5379189426967425E-010
   5.4784462389032549E-010
   5.4210350129292703E-010
   5.3618487843521616E-010
   5.3009913497073687E-010
   5.2385642215568113E-010
   5.1746665841043626E-010
   5.1093952551810101E-010
   5.0428446590042764E-010
   4.9751068008011120E-010
   4.9062712529165551E-010
   4.8527035055175266E-010
   4.7948635063834442E-010
   4.7452618296203860E-010
   4.6970799692363239E-010
   4.6474161952681750E-010
   4.5963523567468020E-010
   4.5439686217831239E-010
   4.4903434392144651E-010
   4.4355535086195884E-010
   4.3796737569744672E-010
   4.3227773159856841E-010
   4.2649355051158902E-010
   4.2131989029512199E-010
   4.1617688584426001E-010
   4.1223237281682538E-010
   4.0815682094980793E-010
   4.0395685832345378E-010
   3.9963899169239781E-010
   3.9520960245039869E-010
   3.9067494436029063E-010
   3.8604114071472888E-010
   3.8131418210679904E-010
   3.7649992471562241E-010
   3.7160408897482012E-010
   3.6663225831551631E-010
   3.6241265485858782E-010
   3.5904866411165482E-010
   3.5557438911594757E-010
   3.5199513211136863E-010
   3.4831610497295762E-010
   3.4454242555509700E-010
   3.4067911591951919E-010
   3.3673109964512987E-010
   3.3270320074380586E-010
   3.2860014165123292E-010
   3.2442654182421923E-010
   3.2018691729685010E-010
   3.1632693464067065E-010
   3.1343570064569634E-010
   3.1045118532797887E-010
   3.0737766129111080E-010
   3.0421933277634955E-010
   3.0098033334513530E-010
   2.9766472364970028E-010
   2.9427649004393468E-010
   2.9081954289270897E-010
   2.8729771544362594E-010
   2.8371476256324759E-010
   2.8007435973081995E-010
   2.7665175307065699E-010
   2.7414775968283029E-010
   2.7156449907816266E-010
   2.6890543771866194E-010
   2.6617398988571829E-010
   2.6337351599620270E-010
   2.6050732131158876E-010
   2.5757865354931976E-010
   2.5459070308270844E-010
   2.5154660076914456E-010
   2.4844941723181093E-010
   2.4530216209057748E-010
   2.4235561509587146E-010
   2.4017061387891173E-010
   2.3791796085873874E-010
   2.3560048631124245E-010
   2.3322098062044912E-010
   2.3078219321464796E-010
   2.2828683051318325E-010
   2.2573755541145830E-010
   2.2313698609508935E-010
   2.2048769468465280E-010
   2.1779220721196836E-010
   2.1505300206833464E-010
   2.1259456788578785E-010
   2.1067379137661526E-010
   2.0869503980578807E-010
   2.0666063840749549E-010
   2.0457288149583605E-010
   2.0243403174314547E-010
   2.0024631873665258E-010
   1.9801193819920897E-010
   1.9573305097284944E-010
   1.9341178252073668E-010
   1.9105022199203685E-010
   1.8865042153751697E-010
   1.8667435327897526E-010
   1.8497361807065667E-010
   1.8322300856290488E-010
   1.8142444623302006E-010
   1.7957982840431088E-010
   1.7769102757863252E-010
   1.7575989092139064E-010
   1.7378823887579547E-010
   1.7177786479355547E-010
   1.6973053425386282E-010
   1.6764798460260750E-010
   1.6553192368860413E-010
   1.6402092375882656E-010
   1.6250440250576868E-010
   1.6094481904296116E-010
   1.5934376999024013E-010
   1.5770283283127336E-010
   1.5602356604569744E-010
   1.5430750774031248E-010
   1.5255617556437888E-010
   1.5077106547633731E-010
   1.4895365151341576E-010
   1.4710538574758385E-010
   1.4548016651823336E-010
   1.4415732044631988E-010
   1.4279581760334422E-010
   1.4139700539849689E-010
   1.3996221736995687E-010
   1.3849277218200458E-010
   1.3698997343528649E-010
   1.3545510870797387E-010
   1.3388944935247482E-010
   1.3229424964162511E-010
   1.3067074649763762E-010
   1.2904437594383577E-010
   1.2788225179529550E-010
   1.2668542458154535E-010
   1.2545503510349933E-010
   1.2419221404849808E-010
   1.2289808053680029E-010
   1.2157374275516340E-010
   1.2022029642540797E-010
   1.1883882483491089E-010
   1.1743039806749950E-010
   1.1599607283065681E-010
   1.1548527098739661E-010
   1.1537270990050761E-010
   1.1540942064386665E-010
   1.1542410368218050E-010
   1.1542739393761840E-010
   1.1541636924138001E-010
   1.1539148369460461E-010
   1.1535318124081240E-010
