           2
          13
           7
          46
          65
         100
         129
         176
         227
         285
         321
         400
         453
         539
         616
         705
         788
         903
         976
        1102
        1193
        1332
        1434
        1571
        1682
        1842
        1976
        2115
        2278
        2428
        2598
        2764
        2966
        3132
        3292
        3499
        3652
        3924
        4114
        4302
        4510
        4733
        4922
        5189
        5422
        5682
        5925
        6197
        6463
        6731
        6998
        7266
        7486
        7819
        8112
        8398
        8680
        9018
        9291
        9665
        9964
       10254
       10575
       10914
       11253
       11638
       11990
       12333
       12738
       13081
       13465
       13756
       14252
       14629
       14940
       15384
       15818
       16213
       16613
       17059
       17341
       17851
       18341
       18821
       19164
       19690
       20066
       20694
       21047
       21615
       22047
       22518
       22997
       23461
       24038
       24487
       24942
       25479
       25980
